            0  0.7071067811866              0  0.7071067811866 
        5e-12  0.6531957927349  0.1107301900403  0.7441138479798 
        1e-11  0.5780025927308  0.2044473257792  0.7764795396596 
      1.5e-11  0.4878839940339  0.2755366773389  0.8070146587148 
        2e-11  0.389600251819  0.3213550761842  0.8355195784183 
      2.5e-11  0.2906587330197  0.3417671965325  0.8605901466408 
        3e-11  0.1985962255512  0.3392007502399  0.8814512523324 
      3.5e-11  0.1194762148308  0.3183229417139  0.8984184020286 
        4e-11  0.05682078879892  0.2850637318217  0.9123319840301 
      4.5e-11  0.01148979476929  0.2454356300676  0.9239704347942 
        5e-11  -0.01776271606832  0.2046544703914  0.9338439809245 
      5.5e-11  -0.03351579145902  0.1667022893515  0.9422478991385 
        6e-11  -0.03898933630448  0.1342206135625  0.9493760733567 
      6.5e-11  -0.03750756738563  0.1085871781867  0.9553924007722 
        7e-11  -0.03212074194704  0.09009712048869  0.9604513537845 
      7.5e-11  -0.02536900702012  0.07820692193898  0.9646956214117 
        8e-11  -0.0191648335033  0.07180867961355  0.9682525163699 
      8.5e-11  -0.0147790447599  0.06949657247659  0.9712355453782 
        9e-11  -0.01289414899582  0.06979094218983  0.9737456266527 
      9.5e-11  -0.01369050223889  0.07131472913862  0.9758710670503 
        1e-10  -0.01696235371816  0.07290560211632  0.977686767394 
     1.05e-10  -0.02223208103847  0.07367955800807  0.9792542472686 
      1.1e-10  -0.02886358338889  0.07305158918669  0.9806229508823 
     1.15e-10  -0.03616715785242  0.0707245290988  0.9818323237318 
      1.2e-10  -0.04348140702922  0.06664797433915  0.9829136386626 
     1.25e-10  -0.05023537974997  0.06096779090816  0.9838908478112 
      1.3e-10  -0.05598673206671  0.05396919167941  0.9847815390743 
     1.35e-10  -0.06043872835768  0.04601918352282  0.9855977727058 
      1.4e-10  -0.06343851700302  0.03751571397427  0.9863474912158 
     1.45e-10  -0.06496189723185  0.02884481841662  0.9870357837715 
      1.5e-10  -0.06508899193803  0.02034955562782  0.9876662236097 
     1.55e-10  -0.06397589545385  0.0123095253364  0.9882417777627 
      1.6e-10  -0.06182468543824  0.004929019508411  0.9887655169226 
     1.65e-10  -0.05885770330268  -0.001660086097409  0.9892407933462 
      1.7e-10  -0.05529607997877  -0.00739369720883  0.9896712554571 
     1.75e-10  -0.05134304230865  -0.01226441997004  0.9900607176602 
      1.8e-10  -0.04717373456119  -0.01630856027816  0.9904130081584 
     1.85e-10  -0.04292946562142  -0.01959234836632  0.9907318018499 
      1.9e-10  -0.03871698705517  -0.02219878364257  0.9910205326742 
     1.95e-10  -0.03461059872615  -0.02421734359097  0.9912822241067 
        2e-10  -0.030656703488  -0.0257350173282  0.9915197694504 
     2.05e-10  -0.02687962230699  -0.02683044342162  0.9917355474045 
      2.1e-10  -0.02328755909942  -0.0275708403339  0.9919318064218 
     2.15e-10  -0.01987846296179  -0.02801033071885  0.9921104790443 
      2.2e-10  -0.01664497819767  -0.02819053985311  0.9922732624177 
     2.25e-10  -0.01357827039768  -0.02814232966956  0.9924216764358 
      2.3e-10  -0.0106706344445  -0.0278882194609  0.9925570504035 
     2.35e-10  -0.007917237301845  -0.02744446278829  0.9926805670159 
      2.4e-10  -0.005316804559422  -0.02682363582746  0.9927933143778 
     2.45e-10  -0.002871340474988  -0.02603676569632  0.9928962484118 
      2.5e-10  -0.0005856427404292  -0.02509483509918  0.9929902309167 
     2.55e-10  0.00153380383232  -0.0240100635298  0.9930760593695 
      2.6e-10  0.003480037332716  -0.0227964421804  0.9931544828553 
     2.65e-10  0.00524602589121  -0.02146974948233  0.9932261394801 
      2.7e-10  0.006825927582513  -0.02004759156571  0.9932916205928 
     2.75e-10  0.008215888235462  -0.01854906061494  0.9933514773565 
      2.8e-10  0.009414460534322  -0.01699408374825  0.9934061797759 
     2.85e-10  0.01042288507913  -0.01540274708364  0.9934562133805 
      2.9e-10  0.0112448538992  -0.01379472337527  0.993501967321 
     2.95e-10  0.01188657936379  -0.01218866051657  0.9935438192742 
        3e-10  0.01235627851539  -0.01060180772314  0.9935821054398 
