2.077110826909e-11  129459.6081365 
1688.371015446  115986.7909542 
3977.894440809  104018.2897167 
5416.788843229  94170.7658657 
6084.125484611  85899.59150014 
6561.013771091  78605.62650391 
7148.943709499  72163.45278678 
7756.44655703  66750.54341868 
8179.878267381  62484.05983765 
8311.711925158  59302.80204625 
8166.255757839  57018.54035041 
7821.23214612  55421.68170653 
7362.302194866  54327.00848505 
6857.347045526  53592.87460656 
6352.809255223  53108.41891079 
5877.993186416  52790.74730361 
5449.241723274  52579.93050454 
5073.040338988  52435.72417723 
4749.028836515  52332.28355305 
4473.184925465  52256.65514937 
4239.801141696  52197.43282182 
4042.761228842  52149.00829237 
3876.044336056  52105.98096356 
3733.918713686  52070.76698475 
3611.252830069  52040.13443996 
3503.760073026  52014.13971902 
3408.235392583  51992.2490989 
3322.514784069  51973.21072898 
3245.270520806  51957.89150622 
3175.693806321  51944.62371586 
3113.228387997  51932.84163961 
3057.37959068  51921.11035162 
3007.601925965  51910.75449269 
2963.312545665  51900.25432872 
2923.889837426  51890.86311063 
2888.715412031  51881.59347045 
2857.208514401  51873.33690065 
2828.854713856  51865.2881283 
2803.209841192  51858.32929037 
 2779.8928059  51851.68824351 
 2758.6383907  51846.12818692 
2739.195340207  51840.89097318 
2721.361933341  51836.49057231 
 2704.9918383  51832.38025019 
2689.937502111  51828.96978516 
2676.09483166  51825.68222467 
2663.371385111  51823.06466591 
2651.690019241  51820.49385637 
2640.983575472  51818.35642492 
2631.184790884  51816.27595517 
2622.228515117  51814.53782293 
2614.052351975  51812.78258596 
2606.603139975  51811.35037114 
2599.818416106  51809.82247998 
2593.639347783  51808.59197685 
2588.018019027  51807.30433408 
2582.903219274  51806.29284738 
2578.252562039  51805.17979129 
2574.02041033  51804.29892749 
2570.164709703  51803.34405252 
2566.649111093  51802.40638758 
