            0  0.7071067811865              0  0.7071067811865 
        5e-12  0.6530430702976  0.1109253128758  0.744100276497 
        1e-11  0.5776408947746  0.2046415449873  0.776494984993 
      1.5e-11  0.4872897482014  0.2755479095906  0.8071694746639 
        2e-11  0.3887844133456  0.3210640930089  0.8357891266831 
      2.5e-11  0.2897577046371  0.3411210342476  0.8608437831231 
        3e-11  0.1978594615381  0.338229875773  0.8815998198171 
      3.5e-11  0.1191532310597  0.3171484914581  0.8984665591527 
        4e-11  0.0570607202096  0.2838613787346  0.9123321758058 
      4.5e-11  0.01231426373909  0.2443851525147  0.923969147265 
        5e-11  -0.01643523248104  0.2039110868154  0.9338623816683 
      5.5e-11  -0.03183077090771  0.1663800378243  0.9422880613334 
        6e-11  -0.03712192486781  0.1343889644789  0.9494329086292 
      6.5e-11  -0.03563765239457  0.1092664828797  0.9554593611069 
        7e-11  -0.03041046866114  0.09125604103723  0.9605210305503 
      7.5e-11  -0.02394631758361  0.07977006002212  0.9647600427673 
        8e-11  -0.01812237374067  0.07366822137298  0.9683053828947 
      8.5e-11  -0.01416985718932  0.07152730483223  0.9712733340738 
        9e-11  -0.01273160421578  0.07186804438639  0.9737679741165 
      9.5e-11  -0.0139572679584  0.07332298081512  0.9758795831101 
        1e-10  -0.01761293411734  0.07474775306872  0.9776838023332 
     1.05e-10  -0.02319920204698  0.07528196971076  0.9792423335483 
      1.1e-10  -0.03006612112114  0.07436835528929  0.980605016039 
     1.15e-10  -0.03751797243552  0.07173358943825  0.9818116981707 
      1.2e-10  -0.0448955257101  0.06735018086163  0.9828935853627 
     1.25e-10  -0.05163592016366  0.06138420078068  0.9838741006858 
      1.3e-10  -0.05731155836163  0.05413617735801  0.9847698047312 
     1.35e-10  -0.06164386271205  0.04598351777216  0.9855919076305 
      1.4e-10  -0.06449860792827  0.03732838100005  0.986347500936 
     1.45e-10  -0.06586760691046  0.02855546842886  0.9870409539296 
      1.5e-10  -0.06584522457023  0.02000297872506  0.9876755243296 
     1.55e-10  -0.06459785240698  0.01194217842556  0.9882541875889 
      1.6e-10  -0.06233443219945  0.004569380482616  0.9887800664256 
     1.65e-10  -0.05928076135596  -0.001993530296659  0.9892567351975 
      1.7e-10  -0.05565789718099  -0.007691622501684  0.9896880561773 
     1.75e-10  -0.05166680092149  -0.01252567543362  0.9900780882328 
      1.8e-10  -0.04747839405244  -0.01653804993517  0.9904308501586 
     1.85e-10  -0.04322924374497  -0.01979947278265  0.9907500959225 
      1.9e-10  -0.03902057713148  -0.02239553318217  0.9910393261569 
     1.95e-10  -0.03492107938212  -0.02441531308985  0.9913017433247 
        2e-10  -0.03097297663153  -0.02594455795242  0.9915402023362 
     2.05e-10  -0.02719744625371  -0.02705972509447  0.991757212276 
      2.1e-10  -0.02360072433989  -0.02782522482125  0.9919549634452 
     2.15e-10  -0.02017980221733  -0.0282925652387  0.9921353446009 
      2.2e-10  -0.01692700582022  -0.0285013210435  0.9923000321491 
     2.25e-10  -0.01383423964557  -0.02847984044908  0.9924504839683 
      2.3e-10  -0.01089511636199  -0.02824873377943  0.992587997123 
     2.35e-10  -0.00810625969943  -0.02782317746439  0.9927137056792 
      2.4e-10  -0.005467910447104  -0.0272152094587  0.9928286377104 
     2.45e-10  -0.002983583686204  -0.02643574856738  0.9929337229453 
      2.5e-10  -0.0006593517648865  -0.02549612725747  0.9930298144844 
     2.55e-10  0.00149735410229  -0.02440914725128  0.9931176831283 
      2.6e-10  0.003477956886034  -0.02318945670658  0.9931980465987 
     2.65e-10  0.005275757119022  -0.02185401979872  0.9932715196472 
      2.7e-10  0.00688493914828  -0.02042113192306  0.9933387388548 
     2.75e-10  0.008301711823838  -0.01891036087452  0.9934002442558 
      2.8e-10  0.009524788796965  -0.0173421712127  0.993456548235 
     2.85e-10  0.01055579703133  -0.01573699789387  0.9935080930961 
      2.9e-10  0.0113984169885  -0.01411455981932  0.993555281996 
     2.95e-10  0.01205908431118  -0.01249363804732  0.9935985176085 
        3e-10  0.01254652613966  -0.01089153273793  0.9936381291457 
