            0  -176086.0307143  2429.31044463              0 
2.905632631031e-14  -176299.2536565  2309.588006162             10 
7.099740923498e-14  -176606.6890517  2202.640849489             20 
1.171780962491e-13  -176944.9975269  2132.938048186             30 
1.803171996209e-13  -177407.4846972  2076.255834953             40 
2.434563029928e-13  -177870.0896326  2040.038737844             50 
3.387811730327e-13  -178568.9247305  2002.089543712             60 
4.488464261216e-13  -179376.5818554  1969.392758308             70 
5.933059063247e-13  -180437.979889  1934.860653908             80 
7.995832793603e-13  -181956.3698882  1894.104579213             90 
1.06699154642e-12  -183929.7193617  1849.863040697            100 
1.402914444703e-12  -186416.6371795  1802.978127026            110 
1.891515253292e-12  -190049.3831971  1746.471916267            120 
2.422899002596e-12  -194020.2723604  1696.401060324            130 
3.186651308033e-12  -199761.7646743  1640.181573043            140 
3.950403613469e-12  -205539.8296045  1598.946825365            150 
5.026141271197e-12  -213731.4788706  1562.160966018            160 
6.179875266996e-12  -222572.5358905  1546.897472931            170 
7.333609262796e-12  -231454.1429185  1554.288840316            180 
8.487343258596e-12  -240358.7416063  1582.891498841            190 
9.641077254396e-12  -249268.6330085  1631.84212223            200 
1.07948112502e-11  -258166.227795  1700.654186288            210 
1.1948545246e-11  -267034.2433416  1789.11170102            220 
1.31022792418e-11  -275855.8962203  1897.193565045            230 
1.42560132376e-11  -284615.0341187  2025.055655735            240 
1.54097472334e-11  -293296.2950394  2172.991053196            250 
1.65634812292e-11  -301885.222326  2341.41840167            260 
1.7717215225e-11  -310368.3677057  2530.871721124            270 
1.88709492208e-11  -318733.3749073  2741.994751819            280 
2.00246832166e-11  -326969.0531903  2975.533996086            290 
2.11784172124e-11  -335065.4141151  3232.34243121            300 
2.23321512082e-11  -343013.7139856  3513.375880698            310 
2.3485885204e-11  -350806.4695642  3819.695311748            320 
2.46396191998e-11  -358437.461047  4152.46950279            330 
2.57933531956e-11  -365901.722034  4512.978573336            340 
2.69470871914e-11  -373195.5174656  4902.618311795            350 
2.81008211872e-11  -380316.3106022  5322.90504148            360 
2.9254555183e-11  -387262.7265995  5775.48086799            370 
3.04082891788e-11  -394034.4824259  6262.118495897            380 
3.15620231746e-11  -400632.3429687  6784.725358016            390 
3.27157571704e-11  -407058.0450318  7345.345438036            400 
3.38694911662e-11  -413314.2155237  7946.157066371            410 
3.502322516199e-11  -419404.2751955  8589.463621027            420 
3.617695915779e-11  -425332.3216432  9277.672597242            430 
3.733069315359e-11  -431102.9912524  10013.25422878            440 
3.848442714939e-11  -436721.2538579  10798.67193299            450 
3.963816114519e-11  -442192.1757166  11636.2623538            460 
4.079189514099e-11  -447520.5724723  12528.0444518            470 
4.194562913679e-11  -452710.5346918  13475.42083238            480 
4.309936313259e-11  -457764.7752149  14478.72629126            490 
4.425309712839e-11  -462683.7459862  15536.56984223            500 
4.540683112419e-11  -467464.4891961  16644.91072676            510 
4.656056511999e-11  -472099.1890842  17795.88946049            520 
4.771429911579e-11  -476573.5649142  18976.33544753            530 
4.886803311159e-11  -480865.2961721  20166.28226824            540 
5.002176710739e-11  -484942.9272479  21337.72996797            550 
5.117550110319e-11  -488765.9137347  22454.27699356            560 
5.232923509899e-11  -492286.5398553  23472.31281349            570 
5.348296909479e-11  -495454.2246474  24344.3339577            580 
5.463670309059e-11  -498222.0888536  25024.40282468            590 
5.579043708639e-11  -500554.67802  25474.92204522            600 
5.694417108219e-11  -502434.9209399  25672.99882079            610 
5.809790507799e-11  -503868.1956515  25614.49051898            620 
5.925163907379e-11  -504882.2359377  25314.43752733            630 
6.040537306959e-11  -505523.0506182  24803.89879604            640 
6.208022754665e-11  -505908.8370469  23774.71360696            650 
6.38129842994e-11  -505809.2596651  22483.81432571            660 
6.554574105215e-11  -505391.6503097  21101.97151805            670 
6.727849780491e-11  -504809.1699774  19738.49979291            680 
6.901125455766e-11  -504172.5338286  18467.81774954            690 
7.074401131041e-11  -503555.6320807  17334.50653204            700 
7.247676806316e-11  -503004.1356141  16360.89416207            710 
7.420952481591e-11  -502543.6025664  15554.06144479            720 
7.594228156867e-11  -502185.864055  14911.22828274            730 
7.767503832142e-11  -501933.6000731  14423.51120212            740 
7.984386433276e-11  -501760.9560583  14012.25751418            750 
8.244875960268e-11  -501743.2613564  13772.37508339            760 
8.505365487261e-11  -501898.0651492  13758.43223179            770 
8.765855014253e-11  -502183.3070207  13915.17214099            780 
9.026344541246e-11  -502554.9393138  14188.81517009            790 
9.286834068239e-11  -502970.0252083  14529.16259141            800 
9.547323595231e-11  -503389.4877933  14891.66319736            810 
9.807813122224e-11  -503780.525081  15239.36260297            820 
1.006830264922e-10  -504118.5593695  15544.46995333            830 
1.032879217621e-10  -504388.1552832  15789.10559497            840 
1.05892817032e-10  -504583.016099  15965.08328992            850 
1.084977123019e-10  -504704.8863814  16072.67216277            860 
1.115747672023e-10  -504765.960244  16121.34195807            870 
1.157535279071e-10  -504740.206076  16084.18236652            880 
1.199322886118e-10  -504640.904787  15977.63557174            890 
1.241110493166e-10  -504518.0747268  15850.21504066            900 
1.282898100213e-10  -504406.9756893  15736.18738914            910 
1.324685707261e-10  -504326.6056544  15653.9323744            920 
1.366473314308e-10  -504282.1990532  15608.30394401            930 
1.408260921356e-10  -504269.6328777  15594.96455588            940 
1.454812434827e-10  -504281.9193556  15606.73139023            950 
1.520419573992e-10  -504320.1333174  15644.53438775            960 
1.609490534722e-10  -504365.1068806  15689.25963093            970 
1.70861741898e-10  -504379.1828472  15703.2336328            980 
1.828007708027e-10  -504367.237905  15691.2555943            990 
1.977793104256e-10  -504357.0417827  15681.04110661           1000 
2.145276223951e-10  -504359.8768656  15683.87168117           1010 
2.145276223951e-10  -504359.8768656  15683.87168117           1010 
